
75,84,75,108,76,110,76,115,77,117,77,122,78,124,78,126,79,127,79,132,80,134,80,140,81,142,81,145,82,146,82,151,83,152,83,157,84,158,84,191,83,193,83,204,82,206,82,210,81,212,81,215,80,217,80,221,79,223,79,225,78,227,78,232,77,234,77,238,76,240,76,243,75,245,75,251,74,254,74,256,73,258,73,262,72,264,72,266,71,269,71,273,70,275,70,278,69,280,69,615,70,617,70,622,71,624,71,628,72,631,72,671,73,674,73,963,80,963,81,964,97,964,99,963,104,963,106,962,109,962,111,961,115,961,117,960,122,960,123,959,143,959,146,958,148,958,150,957,155,957,158,956,246,956,251,954,256,954,259,953,306,953,310,955,312,955,316,957,373,957,374,958,378,958,379,959,385,959,
387,783,387,794,388,796,388,800,389,802,389,805,390,807,390,812,391,814,391,818,392,820,392,825,394,833,394,836,396,840,396,845,397,846,397,851,398,852,398,857,399,858,399,866,400,867,400,884,399,887,399,893,398,896,398,925,397,927,397,935,396,937,396,939,394,942,394,944,393,945,393,946,392,946,392,950,391,950,391,952,390,953,390,960,
381,782,374,782,372,783,298,783,293,785,286,785,283,786,275,786,271,787,266,787,262,789,257,789,254,790,251,790,248,791,237,791,235,792,124,792,119,794,78,794,
76,83,80,83,80,84,85,84,86,85,114,85,116,86,126,86,128,87,143,87,145,88,189,88,192,87,195,87,197,86,203,86,205,85,314,85,316,84,319,84,322,83,332,83,334,82,340,82,342,81,346,81,349,80,391,80,394,81,397,81,400,82,404,82,411,84,418,84,425,86,428,86,432,87,437,87,439,88,442,88,445,89,468,89,472,90,490,90,494,88,557,88,559,87,593,87,596,86,599,86,602,85,605,85,612,83,622,83,625,82,719,82,725,80,731,80,736,79,771,79,775,78,866,78,869,79,872,79,875,80,878,80,881,81,884,81,887,82,890,82,892,83,898,83,900,84,905,84,909,85,925,85,928,86,932,86,935,87,939,87,942,88,1022,88,1028,86,1289,86,1297,84,1305,84,1313,83,1321,81,1329,81,1336,79,1344,78,1359,78,1374,74,1381,73,1387,73,1393,71,1398,71,1400,70,1406,70,1409,69,1414,69,1416,68,1427,68,1429,67,1431,67,1434,66,1437,66,1440,65,1469,65,1472,66,1476,66,1483,68,1487,68,1491,69,1495,69,1502,71,1514,71,1525,74,1529,74,1532,75,1536,75,1539,76,1543,76,1546,77,1698,77,1699,76,1717,76,
359,300,
359,300,
359,300,372,300,374,299,418,299,420,300,437,300,438,301,487,301,491,302,538,302,539,301,544,301,546,300,549,300,552,299,558,299,561,298,625,298,628,297,633,297,633,296,636,296,
361,82,361,86,359,91,359,95,357,104,357,108,355,116,355,120,354,124,354,128,353,131,353,180,354,182,354,186,355,187,355,191,356,193,356,197,357,200,357,301,
798,82,798,89,799,90,799,95,801,101,801,104,806,117,806,119,808,124,808,126,810,128,810,130,814,141,814,144,816,151,816,156,817,158,817,163,818,165,818,229,817,233,817,237,814,250,814,254,813,257,813,260,812,263,812,268,811,271,811,273,810,277,810,301,808,307,808,310,807,312,807,316,806,319,806,322,804,330,804,333,803,337,801,341,801,345,799,354,799,358,797,366,797,369,796,371,796,376,795,378,795,474,796,475,796,486,797,487,797,488,
374,513,378,513,380,514,395,514,397,515,402,515,405,516,419,516,423,517,426,517,429,518,432,518,434,519,460,519,463,520,467,520,470,521,499,521,502,520,506,520,514,518,518,518,532,516,577,516,581,515,584,515,591,513,594,513,597,512,601,512,604,511,640,511,643,510,647,510,650,509,653,509,656,508,661,508,664,507,667,507,669,506,695,506,706,503,709,503,712,502,714,500,727,495,731,494,734,492,738,491,742,489,748,487,754,484,775,484,777,485,781,485,783,486,787,486,788,487,806,487,
374,514,374,518,375,520,375,525,377,536,377,540,379,548,379,551,381,558,381,561,382,563,382,567,383,569,383,584,384,586,384,645,
374,781,390,781,392,782,395,782,398,783,404,783,407,784,464,784,469,786,477,786,483,788,620,788,626,789,747,789,755,788,769,784,776,784,782,783,787,783,791,781,807,776,811,774,815,774,823,772,827,772,834,770,842,770,846,769,947,769,959,766,962,766,969,764,972,764,975,763,978,763,980,762,982,762,984,761,990,761,992,760,1060,760,1067,759,1073,757,1078,757,1084,755,1088,755,1092,754,1095,754,1096,753,1111,753,1112,752,1115,752,1116,751,1121,751,1121,749,1119,746,1119,744,1116,738,1116,736,1112,726,1110,723,1108,718,1108,715,1106,709,1106,706,1105,703,1105,700,1104,697,1104,694,1103,691,1103,688,1102,685,1101,675,1099,668,1099,665,1098,662,1098,657,1097,654,1097,644,1096,641,1096,518,1095,516,1095,512,1094,510,1094,507,1093,506,1093,502,1092,502,
1095,521,1095,518,1094,517,1094,511,1093,510,1093,455,1094,452,1094,366,1093,364,1093,361,1092,359,1092,311,1091,310,1091,305,1090,304,1090,299,1089,297,1089,295,1088,294,1088,289,1087,288,1087,284,
1088,285,1092,285,1099,287,1102,287,1111,289,1240,289,1243,288,1245,288,1247,287,1252,287,1255,286,1257,286,1261,285,1263,284,1272,284,1276,282,1297,282,1300,281,1346,281,1348,280,1353,280,
567,958,603,958,606,959,680,959,685,957,688,957,690,956,695,956,697,955,703,955,706,954,714,954,716,953,721,953,729,951,732,951,734,950,737,950,740,949,743,949,746,948,751,948,754,947,758,947,761,946,896,946,900,947,904,947,910,948,919,950,929,951,947,955,956,956,966,958,1044,958,1046,957,1053,957,1055,956,1058,956,1060,955,1112,955,1115,954,1117,954,1124,951,1128,951,1130,950,1135,950,1137,949,1140,949,1145,946,1146,946,1151,944,1233,944,1242,942,1251,941,1259,939,1267,939,1281,935,1287,935,1293,934,1297,934,1298,933,1299,933,1302,931,1419,931,1420,930,1451,930,1456,928,1461,928,1463,927,1468,927,1469,926,1473,926,1475,925,1477,925,1480,923,1487,923,1487,922,1493,922,1494,921,1500,921,1502,920,1512,920,1519,918,1524,918,1531,916,1537,916,1540,915,1542,915,1543,914,1555,914,1556,915,1563,915,1563,916,1569,916,
1350,279,1350,306,1352,314,1352,317,1354,324,1354,328,1355,332,1355,335,1357,342,1357,348,1359,355,1359,358,1360,362,1360,412,1359,415,1359,417,1358,419,1358,421,1357,423,1357,428,1356,430,1356,433,1355,435,1355,438,1354,440,1354,443,1353,446,1353,449,1352,452,1352,455,1351,458,1351,461,1350,463,1350,469,1349,471,1349,474,1348,477,1348,496,1347,499,1347,502,1346,505,1346,591,1345,594,1345,597,1343,602,1343,609,1342,612,1342,616,1341,619,1341,655,1340,658,1340,675,1339,678,1339,731,
1550,910,1551,909,1590,909,1593,910,1597,910,1600,911,1628,911,1632,912,1637,912,1653,915,1663,915,1663,911,1664,909,1664,906,1665,905,1665,903,1668,897,1668,894,1669,892,1669,889,1670,886,1670,882,1671,878,1671,874,1673,867,1673,863,1674,860,1674,834,1673,831,1673,696,1675,689,1676,681,1676,433,1678,425,1678,340,1680,333,1680,76,
901,560,
406,504,
32,23,
